Converse/Charm++ Commit ID: v6.4.0-471-gb108555
[0] isomalloc.c> Disabling isomalloc because isomalloc disabled by conv-mach
CharmLB> Load balancer assumes all CPUs are same.
Charm++> Running on 512 unique compute nodes (8-way SMP).
TRANSPOSING
TRANSPOSING
TRANSPOSING
time[0] = 2.198691 sec
time[1] = 3.235432 sec
time[2] = 5.640291 sec
time[3] = 6.270104 sec
time[4] = 8.544709 sec
time[5] = 8.544710 sec
chares: 4096
cores: 4096
size: 68719476736
time: 8.800395 sec
rate: 1405.562610 GFlop/s
TRANSPOSING
TRANSPOSING
TRANSPOSING
time[0] = 2.180048 sec
time[1] = 3.214379 sec
time[2] = 26.412863 sec
time[3] = 27.035957 sec
time[4] = 60.376773 sec
time[5] = 60.376774 sec
residual = 0.341225
End of program
